{
  "nbformat": 4,
  "nbformat_minor": 0,
  "metadata": {
    "colab": {
      "provenance": []
    },
    "kernelspec": {
      "name": "python3",
      "display_name": "Python 3"
    },
    "language_info": {
      "name": "python"
    }
  },
  "cells": [
    {
      "cell_type": "markdown",
      "source": [
        "Name        : AFDAL ZIKRI ALFALIH"
      ],
      "metadata": {
        "id": "0l50jzOENQ_P"
      }
    },
    {
      "cell_type": "markdown",
      "source": [
        "Matrix      : 24211243"
      ],
      "metadata": {
        "id": "1GCvvf1dNp0N"
      }
    },
    {
      "cell_type": "markdown",
      "source": [
        "Department  : Artificial Intelligence"
      ],
      "metadata": {
        "id": "SzUHEPSFNweC"
      }
    },
    {
      "cell_type": "code",
      "source": [
        "import numpy as np\n",
        "# 1. Create a numpy array of size 2x2\n",
        "array_2x2 = np.array([[1,2],[3,4]])\n",
        "print(array_2x2)"
      ],
      "metadata": {
        "colab": {
          "base_uri": "https://localhost:8080/"
        },
        "id": "VK2T87P0CoAg",
        "outputId": "e72bea28-a4eb-4836-bf08-68fb6f68e826"
      },
      "execution_count": null,
      "outputs": [
        {
          "output_type": "stream",
          "name": "stdout",
          "text": [
            "[[1 2]\n",
            " [3 4]]\n"
          ]
        }
      ]
    },
    {
      "cell_type": "code",
      "source": [
        "# 2. Create a random numpy array of size 3x4\n",
        "random_3x4 = np.random.rand(3,4)\n",
        "print(random_3x4)"
      ],
      "metadata": {
        "colab": {
          "base_uri": "https://localhost:8080/"
        },
        "id": "zpUGLpoQECUM",
        "outputId": "05befdf6-2c1a-4544-a6fc-961dd0cfb6cd"
      },
      "execution_count": null,
      "outputs": [
        {
          "output_type": "stream",
          "name": "stdout",
          "text": [
            "[[0.25593667 0.7614006  0.88292885 0.64933533]\n",
            " [0.14765411 0.98814662 0.50877134 0.20184114]\n",
            " [0.84893435 0.93370993 0.62688737 0.64356219]]\n"
          ]
        }
      ]
    },
    {
      "cell_type": "code",
      "source": [
        "# 3. Create a numpy array of ones and a numpy array of zeros\n",
        "ones_array = np.ones((2,3))\n",
        "zeros_array = np.zeros((2,3))\n",
        "print(ones_array)\n",
        "print()\n",
        "print(zeros_array)"
      ],
      "metadata": {
        "colab": {
          "base_uri": "https://localhost:8080/"
        },
        "id": "h0-eySsFEfLd",
        "outputId": "872b0b21-1f9d-4898-df03-b12a767fcc22"
      },
      "execution_count": null,
      "outputs": [
        {
          "output_type": "stream",
          "name": "stdout",
          "text": [
            "[[1. 1. 1.]\n",
            " [1. 1. 1.]]\n",
            "\n",
            "[[0. 0. 0.]\n",
            " [0. 0. 0.]]\n"
          ]
        }
      ]
    },
    {
      "cell_type": "code",
      "source": [
        "# 4. Create a random numpy array of size 6x3 and transpose it\n",
        "random_6x3 = np.random.rand(6,3)\n",
        "transpose_array = random_6x3.T\n",
        "print(random_6x3)\n",
        "print()\n",
        "print(transpose_array)"
      ],
      "metadata": {
        "colab": {
          "base_uri": "https://localhost:8080/"
        },
        "id": "MlamL5gnE8RG",
        "outputId": "7c8b5c41-8d54-4038-c17d-4d5af3e93680"
      },
      "execution_count": null,
      "outputs": [
        {
          "output_type": "stream",
          "name": "stdout",
          "text": [
            "[[0.9623453  0.18604247 0.59846944]\n",
            " [0.61382386 0.73325648 0.09830155]\n",
            " [0.00952128 0.24054291 0.22702452]\n",
            " [0.10696158 0.49494388 0.07164494]\n",
            " [0.64617315 0.39967358 0.96862558]\n",
            " [0.20582601 0.07073196 0.68710899]]\n",
            "\n",
            "[[0.9623453  0.61382386 0.00952128 0.10696158 0.64617315 0.20582601]\n",
            " [0.18604247 0.73325648 0.24054291 0.49494388 0.39967358 0.07073196]\n",
            " [0.59846944 0.09830155 0.22702452 0.07164494 0.96862558 0.68710899]]\n"
          ]
        }
      ]
    },
    {
      "cell_type": "code",
      "source": [
        "# 5. Create two random numpy array of size n x p and p x m and then compute the dot product\n",
        "n, p, m = 3, 2, 4\n",
        "A = np.random.rand(n,p)\n",
        "B = np.random.rand(p,m)\n",
        "dot_product = np.dot(A,B)\n",
        "print(\"Matrix A:\\n\", A)\n",
        "print(\"Matrix B:\\n\", B)\n",
        "print(\"dot product :\\n\", dot_product)"
      ],
      "metadata": {
        "colab": {
          "base_uri": "https://localhost:8080/"
        },
        "id": "eizMCGGqF5eP",
        "outputId": "0b2aff39-c323-43e9-a86f-cd5f89edac7c"
      },
      "execution_count": null,
      "outputs": [
        {
          "output_type": "stream",
          "name": "stdout",
          "text": [
            "Matrix A:\n",
            " [[0.61040705 0.43974604]\n",
            " [0.34603561 0.38003737]\n",
            " [0.3883498  0.88441384]]\n",
            "Matrix B:\n",
            " [[0.12646955 0.01351142 0.64218416 0.72788026]\n",
            " [0.66681941 0.3762344  0.17664912 0.89329084]]\n",
            "dot product :\n",
            " [[0.3704291  0.17369505 0.46967449 0.83712436]\n",
            " [0.29717927 0.14765857 0.28935186 0.5913564 ]\n",
            " [0.63885874 0.33799407 0.40562302 1.07271094]]\n"
          ]
        }
      ]
    }
  ]
}